229,220,167, roomclr
252,160,68, playerclr
#
0,297,1280,125,0,223,212,147, path 1
577,700,125,375,0,223,212,147, path 2
0,660,200,60,1,236,88,110, bottom 1
1080,660,540,60,1,236,88,110, bottom 2
0,0,1280,60,1,236,88,110, top 1
1220,0,60,260,1,236,88,110, right top
1220,460,60,260,1,236,88,110, right bottom
0,0,60,260,1,236,88,110, left top
0,460,60,297,1,236,88,110, left bottom
0,0,60,720,-1,236,88,110, left middle
490,0,300,297,1,236,88,110, big box
#
100,340,50,2,57,197,57
240,114,50,1,57,197,57
970,114,50,1,57,197,57
600,470,50,1,57,197,57
#
1280,0,1,720,90,6, right
0,720,1280,1,180,10, down
0,0,1,720,270,13, left
#
0,0
#
0,0,0,0
#