229,220,167, roomclr
252,160,68, playerclr
#
0,330,1280,500,0,223,212,147, lower section
577,0,125,385,0,223,212,147, path
0,660,1280,60,1,236,88,110, bottom 2
0,0,540,60,1,236,88,110, top 1
740,0,160,60,1,236,88,110, top 2
970,0,300,60,1,236,88,110, top 3
900,0,70,60,5,236,88,110, gray blocker
500,10,250,20,6,236,88,110, top blocker 1
500,10,250,20,0,223,212,147, top blocker 1 gone
500,40,250,20,6,236,88,110, top blocker 2
500,40,250,20,0,223,212,147, top blocker 2 gone
0,0,60,450,1,236,88,110, left top
0,600,60,260,1,236,88,110, left bottom
1220,0,60,720,1,236,88,110, right top
0,330,540,60,1,236,88,110, left across
740,330,540,60,1,236,88,110, right across
900,0,70,60,0,180,180,180, long gray
#
1080,500,50,7,57,197,57
#
1280,0,1,720,90,12, right 
0,0,1,720,270,8, left
500,0,300,1,0,21, up main secret
880,0,300,1,0,5, up through grey
#
1083,167
#
177,177,3,5
#