229,205,167, roomclr
252,160,68, playerclr
#
0,660,1280,60,1,236,140,88, bottom 1
0,0,1280,60,1,236,140,88, top 1
1220,0,60,720,1,236,140,88, right
0,0,60,509,1,236,140,88, left
0,0,300,720,0,223,194,147, left inside
975,0,330,1280,0,223,194,147, right inside
300,100,75,75,1,236,140,88, b1
300,250,75,75,1,236,140,88, b2
300,400,75,75,1,236,140,88, b3
300,550,75,75,1,236,140,88, b4
450,100,75,75,1,236,140,88, b1
450,250,75,75,6,236,140,88, b2
450,400,75,75,6,236,140,88, b3
450,550,75,75,6,236,140,88, b4
600,100,75,75,1,236,140,88, b1
600,250,75,75,1,236,140,88, b2
600,400,75,75,1,236,140,88, b3
600,550,75,75,1,236,140,88, b4
750,100,75,75,1,236,140,88, b1
750,250,75,75,1,236,140,88, b2
750,400,75,75,1,236,140,88, b3
750,550,75,75,1,236,140,88, b4
900,100,75,75,1,236,140,88, b1
900,250,75,75,1,236,140,88, b2
900,400,75,75,1,236,140,88, b3
900,550,75,75,1,236,140,88, b4
#
1054,150,50,2,57,197,57
1054,525,50,2,57,197,57
838,300,50,2,57,197,57
1054,450,50,7,57,197,57
1054,600,50,7,57,197,57
1054,750,50,2,57,197,57
471,272,50,7,57,197,57
471,419,50,7,57,197,57
469,568,50,6,57,197,57
#
0,0,1,720,270,15, left
#
0,0
#
1069,339,4,6
#