229,220,167, roomclr
252,160,68, playerclr
#
0,297,1280,125,0,223,212,147, path
400,500,200,100,1,156,101,55, brown box
900,200,70,70,1,180,180,180, gray box
900,500,70,270,5,180,180,180, long gray
900,500,70,70,1,180,180,180, long gray end
900,500,70,270,0,180,180,180, long gray decoy
0,0,300,60,1,236,88,110, top
300,0,1280,60,1,236,88,110, top
0,0,60,260,1,236,88,110, right top
0,460,60,260,1,236,88,110, right bottom
0,660,900,60,1,236,88,110, bottom 1
970,660,900,60,1,236,88,110, bottom 2
0,660,1280,60,-1,236,88,110, bottom
#
150,150,50,4,57,197,57
500,390,50,4,57,197,57
500,90,50,2,57,197,57
#
1280,0,1,720,90,2, left
0,0,1,720,270,6, right
0,720,1280,1,180,14, down
#
0,0
#
0,0,0,0
#