109,121,109, roomclr1
252,160,68, playerclr
#
0,0,1280,60,1,76,91,76, top
0,0,1280,720,0,93,107,93, rest inside
0,0,60,260,1,76,91,76, left top
0,460,60,260,1,76,91,76, left bottom
1220,0,60,720,1,76,91,76, right
0,660,195,60,1,76,91,76, bottom opening right
395,660,1280,60,1,76,91,76, bottom opening left
840,320,200,200,0,109,121,109, box
0,297,30,125,0,109,121,109, path
1000,355,600,125,0,109,121,109, path 2
#
500,160,50,1,57,197,57
580,160,50,4,57,197,57
#
0,720,1280,1,180,1, left down
0,0,1,720,270,4, middle left
#
0,0
#
924,408,1,1
#