229,205,167, roomclr
252,160,68, playerclr
#
577,0,125,720,0,223,194,147, path
0,660,540,60,1,236,140,88, bottom 1
740,660,540,60,1,236,140,88, bottom 2
0,0,540,60,1,236,140,88, top 1
740,0,540,60,1,236,140,88, top 2
1220,0,60,720,1,236,140,88, right
0,0,60,1280,1,236,140,88, left
300,0,60,1280,2,236,140,88, left blocker
0,0,330,720,0,223,194,147, left inside
920,0,60,1280,2,236,140,88, right blocker
920,0,330,1280,0,223,194,147, right inside
#
150,150,50,3,57,197,57
150,220,50,3,57,197,57
150,325,50,3,57,197,57
150,430,50,3,57,197,57
150,500,50,3,57,197,57
1080,150,50,5,57,197,57
1080,220,50,5,57,197,57
1080,325,50,5,57,197,57
1080,430,50,5,57,197,57
1080,500,50,5,57,197,57
#
1280,0,1,720,90,5, left 
0,0,1,720,270,6, right
0,0,720,1,0,15, up
0,720,720,1,180,6, down
#
0,0
#
0,0,0,0
#