229,220,167, roomclr
252,160,68, playerclr
#
0,0,1280,720,0,109,121,109, box inside
900,0,1280,720,0,93,107,93, rest inside
0,0,1280,60,1,76,91,76, top
0,660,1280,60,1,76,91,76, bottom
0,0,60,720,1,76,91,76, left
1220,0,60,260,1,76,91,76, right top
1220,460,60,260,1,76,91,76, right bottom
254,256,200,200,0,93,107,93, box 2
299,300,110,110,0,109,121,109, box inner
900,297,1280,125,0,109,121,109, path
60,60,130,720,0,93,107,93, box 3
0,297,276,125,0,93,107,93, path 2
0,60,1280,125,0,93,107,93, path 3
0,540,1280,125,0,93,107,93, path 4
100,90,50,50,0,109,121,109, spot 1
100,580,50,50,0,109,121,109, spot 2
#
100,90,50,3,57,197,57
100,580,50,3,57,197,57
#
1280,0,1,720,90,3, right middle
#
0,0
#
340,343,2,2
#