229,220,167, roomclr
252,160,68, playerclr
#
0,435,1280,500,0,223,212,147, lower section
577,0,125,385,0,223,212,147, path
620,220,40,40,0,229,220,167, key indent
0,660,1280,60,1,236,88,110, bottom 2
0,0,540,60,1,236,88,110, top 1
740,0,540,60,1,236,88,110, top 2
0,0,60,450,1,236,88,110, left top
0,600,60,260,1,236,88,110, left bottom
0,325,1280,125,2,102,179,255, river
1220,0,60,450,1,236,88,110, right top
1220,600,60,260,1,236,88,110, right bottom
#
485,540,50,2,57,197,57
740,540,50,2,57,197,57
#
1280,0,1,720,90,14, right 
0,0,1,720,270,10, left
0,0,720,1,0,6, up
#
0,0
#
620,220,3,3
#