229,220,167, roomclr
252,160,68, playerclr
#
0,297,1280,125,0,223,212,147, path
577,0,125,720,0,223,212,147, path 2
500,18,540,20,0,223,212,147, purple top blocker gone
500,18,540,20,5,186,85,211, purple top blocker
18,260,20,540,0,223,212,147, blue left blocker gone
18,260,20,540,3,88,110,236, blue left blocker
0,660,540,60,1,236,88,110, bottom 1
740,660,540,60,1,236,88,110, bottom 2
0,0,540,60,1,236,88,110, top 1
740,0,540,60,1,236,88,110, top 2
1220,0,60,260,1,236,88,110, right top
1220,460,60,260,1,236,88,110, right bottom
0,0,60,260,1,236,88,110, left top
0,460,60,260,1,236,88,110, left bottom
#
0,0,0,0,0,0,0
#
1280,0,1,720,90,5, right
0,0,1,720,270,9, left
0,0,720,1,0,7, up
0,720,720,1,180,8, down
#
615,335
#
0,0,0,0
#