223,212,147, roomclr
252,160,68, playerclr
#
577,12,125,438,0,217,204,127, path up
12,462,1256,125,0,217,204,127, path across down
72,72,125,378,0,217,204,127, path left 1 1
72,600,125,46,0,217,204,127, path left 1 2
211,72,125,378,0,217,204,127, path left 2 1
211,600,125,46,0,217,204,127, path left 2 2
1083,72,125,378,0,217,204,127, path right 1 1
1083,600,125,46,0,217,204,127, path right 1 2
946,72,125,378,0,217,204,127, path right 2 1
946,600,125,46,0,217,204,127, path right 2 2
349,600,585,46,0,217,204,127, path bottom
349,72,216,100,0,217,204,127, path middle left 1
349,183,216,100,0,217,204,127, path middle left 2
349,294,216,100,0,217,204,127, path middle left 3
349,405,216,45,0,217,204,127, path middle left 4
714,72,220,100,0,217,204,127, path middle right 1
714,183,220,100,0,217,204,127, path middle right 2
714,294,220,100,0,217,204,127, path middle right 3
714,405,220,45,0,217,204,127, path middle right 4
0,660,1280,60,1,206,189,88, bottom
0,0,566,60,1,206,189,88, top 1
713,0,566,60,1,206,189,88, top 2
1220,0,60,450,1,206,189,88, right top
1220,600,60,260,1,206,189,88, right bottom
0,0,60,450,1,206,189,88, left top
0,600,60,260,1,206,189,88, left bottom
#
0,0,0,0,0,0,0
#
1280,0,1,720,90,5, right 
0,0,1,720,270,8, left
0,0,720,1,0,6, up
#
615,335
#
620,220,3,3
#