109,121,109, roomclr1
252,160,68, playerclr
#
970,0,600,720,0,93,107,93, box inside
0,0,530,720,0,93,107,93, rest inside
900,250,70,520,1,76,91,76, long box right
900,0,70,120,1,76,91,76, box right doorway
0,0,195,60,1,76,91,76, up top left
395,0,1280,60,1,76,91,76, up top right
0,0,60,260,1,76,91,76, left top
0,460,60,260,1,76,91,76, left bottom
1220,0,60,720,1,76,91,76, right
0,660,1280,60,1,76,91,76, bottom
530,600,70,120,1,76,91,76, box left doorway
530,0,70,470,1,76,91,76, long box left
#
0,0,0,0,0,0,0
#
0,0,1,720,270,2, left middle
0,0,1280,1,0,3, top
#
0,0
#
0,0,0,0
#