229,220,167, roomclr
252,160,68, playerclr
#
0,0,1280,30,2,229,220,167, top protecter
0,435,1280,500,0,223,212,147, lower section
0,325,100,125,2,102,179,255, river left
250,325,1280,125,2,102,179,255, river right
0,0,60,720,1,236,88,110, left
0,325,250,125,0,223,212,147, bridge
0,660,1280,60,1,236,88,110, bottom
0,0,430,60,1,236,88,110, top 1
480,0,312,60,1,236,88,110, top 2
842,0,500,60,1,236,88,110, top 3
#
485,540,50,7,57,197,57
430,0,50,4,57,197,57
792,0,50,4,57,197,57
#
1280,0,1,720,90,10, right 
0,0,1,720,270,6, left
#
150,365
#
0,0,0,0
#