229,220,167, roomclr
252,160,68, playerclr
#
1250,0,0,326,2,229,220,167, right protecter
0,435,1280,500,0,223,212,147, lower section
577,0,125,375,0,223,212,147, path
0,660,1280,60,1,236,88,110, bottom 2
0,0,200,60,1,236,88,110, top 1
1080,0,540,60,1,236,88,110, top 2
1220,0,60,171,1,236,88,110, right 1
1220,221,60,229,1,236,88,110, right 2
1220,600,60,260,1,236,88,110, right 3
0,325,1280,125,2,102,179,255, river
#
485,540,50,2,57,197,57
740,540,50,2,57,197,57
1230,171,50,5,57,197,57
#
1280,0,1,720,90,8, right
0,0,1,720,270,11, left
0,0,1280,1,0,9, up
#
0,0
#
0,0,0,0
#