229,205,167, roomclr
252,160,68, playerclr
#
0,301,1280,125,0,223,194,147, path across
577,0,125,720,0,223,194,147, path down
500,18,540,20,0,223,194,147, red top blocker gone
500,18,540,20,6,236,88,110, red top blocker
0,660,540,60,1,236,140,88, bottom 1
740,660,540,60,1,236,140,88, bottom 2
0,0,540,60,1,236,140,88, top 1
740,0,540,60,1,236,140,88, top 2
1220,0,60,509,1,236,140,88, far right
0,0,60,509,1,236,140,88, far left
300,300,60,1280,1,236,140,88, left 1
300,0,60,150,1,236,140,88, left 2
0,0,300,720,0,223,194,147, left inside
919,300,60,1280,1,236,140,88, right 1
919,0,60,150,1,236,140,88, right 2
979,0,330,1280,0,223,194,147, right inside
#
141,383,50,7,57,197,57
1089,383,50,7,57,197,57
1080,100,50,4,57,197,57
153,100,50,4,57,197,57
#
1280,0,1,720,90,17, right 
0,0,1,720,270,16, left
0,0,720,1,0,18, up
0,720,720,1,180,7, down
#
614,538
#
0,0,0,0
#