229,205,167, roomclr
252,160,68, playerclr
#
0,660,1280,60,1,236,140,88, bottom 1
0,0,1280,60,1,236,140,88, top 1
1220,0,60,509,1,236,140,88, far right
0,0,60,720,1,236,140,88, far left
300,570,60,1280,1,236,140,88, left down
300,0,60,419,1,236,140,88, left up
0,0,300,720,0,223,194,147, left inside
919,300,60,1280,1,236,140,88, right down
919,0,60,150,1,236,140,88, right up
979,0,330,1280,0,223,194,147, right inside
#
223,474,50,7,57,197,57
151,132,50,2,57,197,57
477,164,50,2,57,197,57
773,418,50,2,57,197,57
420,550,50,3,57,197,57
624,331,50,1,57,197,57
#
1280,0,1,720,90,15, left 
0,0,1,720,270,15, right
0,0,720,1,0,7, up
0,720,720,1,180,7, down
#
0,0
#
165,150,1,8
#