229,220,167, roomclr
252,160,68, playerclr
#
0,297,1280,125,0,223,212,147, path
300,0,1280,720,0,109,121,109, box inside
300,297,1280,125,0,93,107,93, path 2
900,0,1280,720,0,93,107,93, rest inside
0,0,300,60,1,236,88,110, top
300,0,1280,60,1,76,91,76, top
0,660,300,60,1,236,88,110, bottom
300,660,1280,60,1,76,91,76, bottom
1220,0,60,260,1,76,91,76, right top
1220,460,60,260,1,76,91,76, right bottom
461,0,125,720,0,93,107,93, path 3
#
500,90,50,3,57,197,57
500,160,50,0,57,197,57
500,230,50,0,57,197,57
500,300,50,0,57,197,57
500,370,50,0,57,197,57
500,440,50,0,57,197,57
500,510,50,0,57,197,57
500,580,50,3,57,197,57
#
1280,260,200,200,90,1, right middle
0,0,1,720,270,5, right middle
#
360,335
#
0,0,0,0
#